Quantitative Summary Statistics
-------------------------------
Category   |    Min            Max            Median
------------------------------------------------------------
chicken        1.362          2.013          1.515          
electricity    0.131          0.178          0.138          
gasoline       1.767          5.058          2.775          
inflation      -0.2           9.1            2.1            
------------------------------------------------------------

Qualitative Summary Statistics
-------------------------------
Category   |   # of Categories        Most Freq       Least Freq
------------------------------------------------------------
gasoline       122                    [2.832, 2.289, 2.63, 2.873, 2.887]           [2.326, 2.496, 2.791, 2.839, 3.32, 3.154, 3.233, 3.255, 3.265, 3.385, 3.482, 3.408, 2.972, 2.168, 3.592, 2.09, 2.159, 2.193, 2.177, 2.176, 2.076, 1.879, 1.876, 2.267, 2.465, 2.567, 2.587, 3.413, 4.271, 4.312, 3.712, 3.601, 3.755, 3.776, 3.581, 3.359, 3.221, 3.289, 3.5, 3.782, 3.988, 3.955, 3.732, 3.685, 2.673, 3.735, 3.551, 3.514, 3.452, 3.356, 3.853, 4.016, 3.881, 4.101, 4.667, 5.058, 4.604, 2.62, 2.752, 2.655, 2.775, 2.155, 2.225, 2.363, 2.264, 2.134, 1.958, 1.767, 1.967, 2.06, 2.185, 2.394, 2.679, 2.485, 2.776, 2.483, 2.249, 2.11, 2.56, 3.182, 3.403, 3.481, 3.633, 3.695, 3.691, 3.659, 3.532, 2.208, 2.243, 2.187, 2.23, 3.364, 2.901, 2.835, 2.564, 2.353, 2.414, 2.671, 2.862, 2.914, 2.907, 2.737, 2.572, 2.575, 2.539, 2.459, 2.548, 2.484, 2.374, 2.281, 2.337, 2.386, 2.418, 2.323, 2.299, 2.351, 3.622]
confidence     118                    [100.0]           [98.78, 99.53703, 99.76385, 99.94531, 100.107, 100.345, 100.4443, 100.2919, 100.0461, 99.72038, 99.31075, 99.03357, 98.89377, 98.76849, 98.96171, 98.68679, 98.46961, 98.21456, 97.93748, 97.73337, 98.08183, 99.19904, 100.2464, 100.7352, 100.8067, 100.7056, 100.5656, 99.29665, 98.49815, 99.9912, 98.30814, 99.01795, 99.16154, 99.23889, 99.18246, 98.99628, 98.65192, 98.32683, 98.21905, 98.32111, 98.47902, 98.57362, 98.4873, 98.1232, 97.95447, 97.91819, 97.75343, 97.50671, 97.2002, 96.92728, 96.74619, 96.64693, 96.6229, 96.61287, 96.81223, 97.1849, 97.55948, 100.4932, 100.5132, 100.6626, 100.6265, 100.5321, 100.477, 100.4074, 100.3716, 100.3372, 100.3544, 100.4342, 100.4448, 100.3918, 100.3876, 100.4509, 100.5592, 100.5811, 100.7908, 100.4461, 100.3409, 100.37, 100.4593, 100.5681, 100.6197, 100.6859, 100.6881, 100.6285, 100.4918, 100.2853, 100.0985, 100.5256, 100.5507, 100.6519, 100.7607, 100.887, 100.9203, 100.9067, 100.8274, 100.7591, 100.7846, 100.8615, 100.9693, 101.0626, 101.1326, 101.1776, 101.154, 101.138, 101.1432, 101.1559, 101.1473, 101.1297, 101.1303, 101.1389, 101.115, 101.0278, 100.9532, 100.8901, 100.8578, 100.8326, 98.93253]
------------------------------------------------------------
